000001	TASK ATTEMPT: research-attempt-research-plan-task-253-1
000002	SOURCE ATTEMPTS: research-attempt-research-plan-task-252-1
000003	INTERNAL ATTEMPT research-attempt-research-plan-task-252-1 · specialist · ARTIFACT 34408a4deae86e191afae8e7b3b753b0a0552ffc440d4dd19fd8dd789fb2eea0
000004	## Claims
000005	- [computed] For the fixed asymmetric interval lower=[2,2,2,0,0], upper=[4,4,4,4,4], compute every complete h_1,...,h_4 Pieri matrix M_d in partition-weight degrees 6,...,20 and output exact unimodular Smith witnesses U_d M_d V_d=D_d, including degree 6. Task-owned sandbox artifact `e578d9d5773c0e59624c57c68399a93b20fa8f6415143689c96704ac9865e420` executed with exit status 0. Its persisted executable script has SHA-256 `ba1c59629115831ddbae6dcd81abc349e3a6d9f83e22ddafadd951cabd5263a3`. Captured stdout preview: `{"lower":[2,2,2,0,0],"upper":[4,4,4,4,4],"hDegrees":[1,2,3,4],"witnesses":[{"degree":6,"columns":[[2,2,2,0,0]],"rowLabels":[],"M":[],"U":[],"V":[],"D":[],"detU":1,"detV":1,"rank":0},{"degree":7,"columns":[[3,2,2,0,0],[2,2,2,1,0]],"rowLabels":[[1,[2,2,2,0,0]]],"M":[[1,1]],"U":[[1]],"V":[[1,-1],[0,1]],"D":[[1,0]],"detU":1,"detV":1,"rank":1},{"degree":8,"columns":[[4,2,2,0,0],[3,3,2,0,0],[3,2,2,1,0],[2,2,2,2,0],[2,2,2,1,1]],"rowLabels":[[1,[3,2,2,0,0]],[1,[2,2,2,1,0]],[2,[2,2,2,0,0]]],"M":[[1,1,1,0,0],[0,0,1,1,1],[1,0,1,1,0]],"U":[[1,0,0],[0,1,0],[1,0,-1]],"V":[[1,-1,-1,0,1],[0,0,1,1,0],[0,1,0,-1,-1],[0,0,0,1,0],[0,0,0,0,1]],"D":[[1,0,0,0,0],[0,1,0,0,0],[0,0,1,0,0]],"detU":-1,"detV":-1,"rank":3},{"degree":9,"columns":[[4,3,2,0,0],[4,2,2,1,0],[3,3,3,0,0],[3,3,2,1,0],[3,2,2,2,0],[3,2,2,1,1],[2,2,2,2,1]],"rowLabels":[[1,[4,2,2,0,0]],[1,[3,3,2,0,0]],[1,[3,2,2,1,0]],[1,[2,2,2,2,0]],[1,[2,2,2,1,1]],[2,[3,2,2,0,0]],[2,[2,2,2,1,0]],[3,[2,2,2,0,0]]],"M":[[1,1,0,0,0,0,0],[1,0,1,1,0,0,0],[0,1,0,1,1,1,0],[0,0,0,0,1,0,1],[0,0,0,0,0,1,1],[1,1,0,1,1,0,0],[0,1,0,0,1,1,1],[0,1,0,0,1,0,0]],"U":[[1,0,0,0,0,0,0,0],[1,-1,0,0,0,0,0,0],[-1,1,1,0,0,0,0,0],[0,0,0,1,0,0,0,0],[0,0,0,0,1,0,0,0],[-1,0,0,-1,0,1,0,0],[-1,0,-1,-1,0,1,1,0],[-1,0,-1,-1,1,1,0,1]],"V":[[1,-1,-1,1,1,1,-1],[0,1,1,-1,-1,-1,1],[0,0,1,-1,-1,-2,0],[0,0,0,0,0,1,1],[0,0,0,1,0,0,-1],[0,0,0,0,1,0,-1],[0,0,0,0,0,0,1]],"D":[[1,0,0,0,0,0,0],[0,1,0,0,0,0,0],[0,0,1,0,0,0,0],[0,0,0,1,0,0,0],[0,0,0,0,1,0,0],[0,0,0,0,0,1,0],[0,0,0,0,0,0,0],[0,0,0,0,0,0,0]],"detU":-1,"detV":1,"rank":6},{"degree":10,"columns":[[4,4,2,0,0],[4,3,3,0,0],[4,3,2,1,0],[4,2,2,2,0],[4,2,2,1,1],[3,3,3,1,0],[3,3,2,2,0],[3,3,2,1,1],[3,2,2,2,1],[2,2,2,2,2]],"rowLabels":[[1,[4,3,2,0,0]],[1,[4,2,2,1,0]],[1,[3,3,3,0,0]],[1,[3,3,2,1,0]],[1,[3,2,2,2,0]],[1,[3,2,2,1,1]],[1,[2,2,2,2,1]],[2,[4,2,2,0,0]],[2,[3,3,2,0,0]],[2,[3,2,2,1,0]],[2,[2,2,2,2,0]],[2,[2,2,2,1,1]],[3,[3,2,2,0,0]],[3,[2,2,2,1,0]],[4,[2,2,2,0,0]]],"M":[[1,1,1,0,0,0,0,0,0,0],[0,0,1,1,1,0,0,0,0,0],[0,1,0,0,0,1,0,0,0,0],[0,0,1,0,0,1,1,1,0,0],[0,0,0,1,0,0,1,0,1,0],[0,0,0,0,1,0,0,1,1,0],[0,0,0,0,0,0,0,0,1,1],[1,0,1,1,0,0,0,0,0,0],[0,1,1,0,0,1,1,0,0,0],[0,0,1,1,1,0,1,1,1,0],[0,0,0,1,0,0,0,0,1,1],[0,0,0,0,1,0,0,0,1,0],[0,0,1,1,0,0,1,0,0,0],[0,0,0,1,1,0,0,0,1,0],[0,0,0,1,0,0,0,0,0,0]],"U":[[1,0,0,0,0,0,0,0,0,0,0,0,0,0,0],[0,1,0,0,0,0,0,0,0,0,0,0,0,0,0],[0,0,1,0,0,0,0,0,0,0,0,0,0,0,0],[0,1,0,-1,0,0,0,0,0,0,0,0,0,0,0],[0,1,0,-1,-1,0,0,0,0,0,0,0,0,0,0],[0,-1,0,1,1,1,0,0,0,0,0,0,0,0,0],[0,0,0,0,0,0,1,0,0,0,0,0,0,0,0],[1,0,0,1,1,0,-1,-1,-1,0,0,0,0,0,0],[-1,-1,-1,-1,0,1,-1,1,2,0,0,0,0,0,0],[-1,-1,0,-1,-1,0,0,1,1,1,0,0,0,0,0],[-1,-1,-1,-1,-1,1,-1,1,2,0,1,0,0,0,0],[2,1,1,2,1,-2,0,-2,-3,0,0,1,0,0,0],[-1,-1,0,-1,-1,1,0,1,1,0,0,0,1,0,0],[1,0,0,1,0,-1,0,-1,-1,0,0,0,0,1,0],[-1,-1,-1,-1,-1,1,0,1,2,0,0,0,0,0,1]],"V":[[1,-1,-1,1,0,2,-4,-3,0,1],[0,0,1,0,0,-1,2,2,0,0],[0,1,0,-1,0,-1,2,1,0,-1],[0,0,0,1,-1,0,-1,0,-1,0],[0,0,0,0,1,1,-1,-1,1,1],[0,0,0,0,0,1,-2,-2,0,0],[0,0,0,0,0,0,0,0,1,1],[0,0,0,0,0,0,0,1,-1,0],[0,0,0,0,0,0,1,0,0,-1],[0,0,0,0,0,0,0,0,0,1]],"D":[[1,0,0,0,0,0,0,0,0,0],[0,1,0,0,0,0,0,0,0,0],[0,0,1,0,0,0,0,0,0,0],[0,0,0,1,0,0,0,0,0,0],[0,0,0,0,1,0,0,0,0,0],[0,0,0,0,0,1,0,0,0,0],[0,0,0,0,0,0,1,0,0,0],[0,0,0,0,0,0,0,1,0,0],[0,0,0,0,0,0,0,0,1,0],[0,0,0,0,0,0,0,0,0,0],[0,0,0,0,0,0,0,0,0,0],[0,0,0,0,0,0,0,0,0,0],[0,0,0,0,0,0,0,0,0,0],[0,0,0,0,0,0,0,0,0,0],[0,0,0,0,0,0,0,0,0,0]],"detU":-1,"detV":1,"rank":9},{"degree":11,"columns":[[4,4,3,0,0],[4,4,2,1,0],[4,3,3,1,0],[4,3,2,2,0],[4,3,2,1,1],[4,2,2,2,1],[3,3,3,2,0],[3,3,3,1,1],[3,3,2,2,1],[3,2,2,2,2]],"rowLabels":[[1,[4,4,2,0,0]],[1,[4,3,3,0,0]],[1,[4,3,2,1,0]],[1,[4,2,2,2,0]],[1,[4,2,2,1,1]],[1,[3,3,3,1,0]],[1,[3,3,2,2,0]],[1,[3,3,2,1,1]],[1,[3,2,2,2,1]],[1,[2,2,2,2,2]],[2,[4,3,2,0,0]],[2,[4,2,2,1,0]],[2,[3,3,3,0,0]],[2,[3,3,2,1,0]],[2,[3,2,2,2,0]],[2,[3,2,2,1,1]],[2,[2,2,2,2,1]],[3,[4,2,2,0,0]],[3,[3,3,2,0,0]],[3,[3,2,2,1,0]],[3,[2,2,2,2,0]],[3,[2,2,2,1,1]],[4,[3,2,2,0,0]],[4,[2,2,2,1,0]]],"M":[[1,1,0,0,0,0,0,0,0,0],[1,0,1,0,0,0,0,0,0,0],[0,1,1,1,1,0,0,0,0,0],[0,0,0,1,0,1,0,0,0,0],[0,0,0,0,1,1,0,0,0,0],[0,0,1,0,0,0,1,1,0,0],[0,0,0,1,0,0,1,0,1,0],[0,0,0,0,1,0,0,1,1,0],[0,0,0,0,0,1,0,0,1,1],[0,0,0,0,0,0,0,0,0,1],[1,1,1,1,0,0,0,0,0,0],[0,1,0,1,1,1,0,0,0,0],[0,0,1,0,0,0,1,0,0,0],[0,0,1,1,1,0,1,1,1,0],[0,0,0,1,0,1,0,0,1,1],[0,0,0,0,1,1,0,0,1,0],[0,0,0,0,0,1,0,0,0,1],[0,1,0,1,0,0,0,0,0,0],[0,0,1,1,0,0,1,0,0,0],[0,0,0,1,1,1,0,0,1,0],[0,0,0,0,0,1,0,0,0,1],[0,0,0,0,0,1,0,0,0,0],[0,0,0,1,0,0,0,0,0,0],[0,0,0,0,0,1,0,0,0,0]],"U":[[1,0,0,0,0,0,0,0,0,0,0,0,0,0,0,0,0,0,0,0,0,0,0,0],[1,-1,0,0,0,0,0,0,0,0,0,0,0,0,0,0,0,0,0,0,0,0,0,0],[0,0,0,0,0,1,0,0,0,0,0,0,0,0,0,0,0,0,0,0,0,0,0,0],[0,0,0,1,0,0,0,0,0,0,0,0,0,0,0,0,0,0,0,0,0,0,0,0],[0,0,0,0,1,0,0,0,0,0,0,0,0,0,0,0,0,0,0,0,0,0,0,0],[0,0,0,1,0,0,-1,0,0,0,0,0,0,0,0,0,0,0,0,0,0,0,0,0],[0,0,0,-1,1,0,1,-1,0,0,0,0,0,0,0,0,0,0,0,0,0,0,0,0],[0,0,0,0,-1,0,0,1,1,0,0,0,0,0,0,0,0,0,0,0,0,0,0,0],[-1,0,0,-2,1,1,1,-1,1,0,1,0,-2,0,0,0,0,0,0,0,0,0,0,0],[0,0,0,0,0,0,0,0,0,1,0,0,0,0,0,0,0,0,0,0,0,0,0,0],[1,1,1,1,-1,0,0,0,0,0,-2,0,0,0,0,0,0,0,0,0,0,0,0,0],[0,1,0,0,-1,0,0,0,0,0,-1,1,0,0,0,0,0,0,0,0,0,0,0,0],[2,0,0,4,-3,-3,-2,3,-1,1,-2,0,5,0,0,0,0,0,0,0,0,0,0,0],[3,0,0,5,-4,-4,-3,3,-1,1,-3,0,6,1,0,0,0,0,0,0,0,0,0,0],[1,0,0,1,-1,-1,-1,1,-1,0,-1,0,2,0,1,0,0,0,0,0,0,0,0,0],[1,0,0,2,-2,-1,-1,1,-1,1,-1,0,2,0,0,1,0,0,0,0,0,0,0,0],[-1,0,0,-2,1,1,1,-1,0,-1,1,0,-2,0,0,0,1,0,0,0,0,0,0,0],[4,1,0,8,-6,-6,-4,6,-2,2,-5,0,10,0,0,0,0,1,0,0,0,0,0,0],[3,0,0,5,-4,-4,-3,4,-1,1,-3,0,6,0,0,0,0,0,1,0,0,0,0,0],[2,0,0,3,-3,-2,-2,2,-1,1,-2,0,4,0,0,0,0,0,0,1,0,0,0,0],[-1,0,0,-2,1,1,1,-1,0,-1,1,0,-2,0,0,0,0,0,0,0,1,0,0,0],[-1,0,0,-2,1,1,1,-1,0,0,1,0,-2,0,0,0,0,0,0,0,0,1,0,0],[1,0,0,1,-1,-1,-1,1,0,0,-1,0,2,0,0,0,0,0,0,0,0,0,1,0],[-1,0,0,-2,1,1,1,-1,0,0,1,0,-2,0,0,0,0,0,0,0,0,0,0,1]],"V":[[1,-1,-1,0,0,0,1,2,-4,2],[0,1,1,0,0,0,-1,-2,4,-2],[0,0,1,0,0,0,-1,-2,4,-2],[0,0,0,1,0,-1,-1,-1,1,0],[0,0,0,0,1,-1,-1,-1,1,0],[0,0,0,0,0,1,1,1,-1,0],[0,0,0,0,0,0,1,1,-2,1],[0,0,0,0,0,0,0,1,-2,1],[0,0,0,0,0,0,0,0,1,-1],[0,0,0,0,0,0,0,0,0,1]],"D":[[1,0,0,0,0,0,0,0,0,0],[0,1,0,0,0,0,0,0,0,0],[0,0,1,0,0,0,0,0,0,0],[0,0,0,1,0,0,0,0,0,0],[0,0,0,0,1,0,0,0,0,0],[0,0,0,0,0,1,0,0,0,0],[0,0,0,0,0,0,1,0,0,0],[0,0,0,0,0,0,0,1,0,0],[0,0,0,0,0,0,0,0,1,0],[0,0,0,0,0,0,0,0,0,1],[0,0,0,0,0,0,0,0,0,0],[0,0,0,0,0,0,0,0,0,0],[0,0,0,0,0,0,0,0,0,0],[0,0,0,0,0,0,0,0,0,0],[0,0,0,0,0,0,0,0,0,0],[0,0,0,0,0,0,0,0,0,0],[0,0,0,0,0,0,0,0,0,0],[0,0,0,0,0,0,0,0,0,0],[0,0,0,0,0,0,0,0,0,0],[0,0,0,0,0,0,0,0,0,0],[0,0,0,0,0,0,0,0,0,0],[0,0,0,0,0,0,0,0,0,0],[0,0,0,0,0,0,0,0,0,0],[0,0,0,0,0,0,0,0,0,0]],"detU":1,"detV":1,"rank":10},{"degree":12,"columns":[[4,4,4,0,0],[4,4,3,1,0],[4,4,2,2,0],[4,4,2,1,1],[4,3,3,2,0],[4,3,3,1,1],[4,3,2,2,1],[4,2,2,2,2],[3,3,3,3,0],[3,3,3,2,1],[3,3,2,2,2]],"rowLabels":[[1,[4,4,3,0,0]],[1,[4,4,2,1,0]],[1,[4,3,3,1,0]],[1,[4,3,2,2,0]],[1,[4,3,2,1,1]],[1,[4,2,2,2,1]],[1,[3,3,3,2,0]],[1,[3,3,3,1,1]],[1,[3,3,2,2,1]],[1,[3,2,2,2,2]],[2,[4,4,2,0,0]],[2,[4,3,3,0,0]],[2,[4,3,2,1,0]],[2,[4,2,2,2,0]],[2,[4,2,2,1,1]],[2,[3,3,3,1,0]],[2,[3,3,2,2,0]],[2,[3,3,2,1,1]],[2,[3,2,2,2,1]],[2,[2,2,2,2,2]],[3,[4,3,2,0,0]],[3,[4,2,2,1,0]],[3,[3,3,3,0,0]],[3,[3,3,2,1,0]],[3,[3,2,2,2,0]],[3,[3,2,2,1,1]],[3,[2,2,2,2,1]],[4,[4,2,2,0,0]],[4,[3,3,2,0,0]],[4,[3,2,2,1,0]],[4,[2,2,2,2,0]],[4,[2,2,2,1,1]]],"M":[[1,1,0,0,0,0,0,0,0,0,0],[0,1,1,1,0,0,0,0,0,0,0],[0,1,0,0,1,1,0,0,0,0,0],[0,0,1,0,1,0,1,0,0,0,0],[0,0,0,1,0,1,1,0,0,0,0],[0,0,0,0,0,0,1,1,0,0,0],[0,0,0,0,1,0,0,0,1,1,0],[0,0,0,0,0,1,0,0,0,1,0],[0,0,0,0,0,0,1,0,0,1,1],[0,0,0,0,0,0,0,1,0,0,1],[1,1,1,0,0,0,0,0,0,0,0],[0,1,0,0,1,0,0,0,0,0,0],[0,1,1,1,1,1,1,0,0,0,0],[0,0,1,0,0,0,1,1,0,0,0],[0,0,0,1,0,0,1,0,0,0,0],[0,0,0,0,1,1,0,0,1,1,0],[0,0,0,0,1,0,1,0,0,1,1],[0,0,0,0,0,1,1,0,0,1,0],[0,0,0,0,0,0,1,1,0,0,1],[0,0,0,0,0,0,0,1,0,0,0],[0,1,1,0,1,0,0,0,0,0,0],[0,0,1,1,0,0,1,0,0,0,0],[0,0,0,0,1,0,0,0,1,0,0],[0,0,0,0,1,1,1,0,0,1,0],[0,0,0,0,0,0,1,1,0,0,1],[0,0,0,0,0,0,1,0,0,0,0],[0,0,0,0,0,0,0,1,0,0,0],[0,0,1,0,0,0,0,0,0,0,0],[0,0,0,0,1,0,0,0,0,0,0],[0,0,0,0,0,0,1,0,0,0,0],[0,0,0,0,0,0,0,1,0,0,0],[0,0,0,0,0,0,0,0,0,0,0]],"U":[[1,0,0,0,0,0,0,0,0,0,0,0,0,0,0,0,0,0,0,0,0,0,0,0,0,0,0,0,0,0,0,0],[0,1,0,0,0,0,0,0,0,0,0,0,0,0,0,0,0,0,0,0,0,0,0,0,0,0,0,0,0,0,0,0],[0,1,-1,0,0,0,0,0,0,0,0,0,0,0,0,0,0,0,0,0,0,0,0,0,0,0,0,0,0,0,0,0],[0,1,-1,-1,0,0,0,0,0,0,0,0,0,0,0,0,0,0,0,0,0,0,0,0,0,0,0,0,0,0,0,0],[0,0,0,0,0,0,1,0,0,0,0,0,0,0,0,0,0,0,0,0,0,0,0,0,0,0,0,0,0,0,0,0],[0,0,0,0,0,1,0,0,0,0,0,0,0,0,0,0,0,0,0,0,0,0,0,0,0,0,0,0,0,0,0,0],[0,0,0,0,0,0,0,1,0,0,0,0,0,0,0,0,0,0,0,0,0,0,0,0,0,0,0,0,0,0,0,0],[0,0,0,0,0,1,0,0,-1,0,0,0,0,0,0,0,0,0,0,0,0,0,0,0,0,0,0,0,0,0,0,0],[1,1,-1,0,-1,0,1,2,1,0,-1,0,0,0,0,0,0,0,0,0,0,0,0,0,0,0,0,0,0,0,0,0],[0,0,0,0,0,-1,0,0,1,1,0,0,0,0,0,0,0,0,0,0,0,0,0,0,0,0,0,0,0,0,0,0],[-1,-1,-1,0,1,-1,0,0,1,1,1,2,0,0,0,0,-1,0,0,0,0,0,0,0,0,0,0,0,0,0,0,0],[2,1,1,1,-1,0,0,0,0,0,-2,-2,0,0,0,0,0,0,0,0,0,0,0,0,0,0,0,0,0,0,0,0],[1,0,0,0,-1,0,0,0,0,0,-1,-1,1,0,0,0,0,0,0,0,0,0,0,0,0,0,0,0,0,0,0,0],[-1,-1,-1,-1,1,-1,0,0,0,0,1,2,0,1,0,0,0,0,0,0,0,0,0,0,0,0,0,0,0,0,0,0],[2,1,2,1,-2,0,0,0,0,0,-2,-3,0,0,1,0,0,0,0,0,0,0,0,0,0,0,0,0,0,0,0,0],[0,0,-1,0,0,0,-1,0,0,0,0,1,0,0,0,1,0,0,0,0,0,0,0,0,0,0,0,0,0,0,0,0],[-2,-2,-3,0,2,-1,0,1,1,1,2,5,0,0,0,0,-2,0,0,0,0,0,0,0,0,0,0,0,0,0,0,0],[1,1,1,0,-1,0,0,-1,-1,0,-1,-2,0,0,0,0,1,1,0,0,0,0,0,0,0,0,0,0,0,0,0,0],[1,1,1,0,-1,0,0,0,-1,-1,-1,-2,0,0,0,0,1,0,1,0,0,0,0,0,0,0,0,0,0,0,0,0],[-1,-1,-1,0,1,-1,0,0,1,0,1,2,0,0,0,0,-1,0,0,1,0,0,0,0,0,0,0,0,0,0,0,0],[1,1,2,-1,-1,1,0,-1,-1,-1,-1,-4,0,0,0,0,2,0,0,0,1,0,0,0,0,0,0,0,0,0,0,0],[-1,-2,-2,0,1,-1,0,1,1,1,1,4,0,0,0,0,-2,0,0,0,0,1,0,0,0,0,0,0,0,0,0,0],[2,2,2,0,-2,1,-1,0,-1,-1,-2,-4,0,0,0,0,2,0,0,0,0,0,1,0,0,0,0,0,0,0,0,0],[-3,-3,-5,0,3,-2,0,1,2,2,3,8,0,0,0,0,-4,0,0,0,0,0,0,1,0,0,0,0,0,0,0,0],[1,1,1,0,-1,0,0,0,-1,-1,-1,-2,0,0,0,0,1,0,0,0,0,0,0,0,1,0,0,0,0,0,0,0],[1,1,1,0,-1,0,0,0,-1,0,-1,-2,0,0,0,0,1,0,0,0,0,0,0,0,0,1,0,0,0,0,0,0],[-1,-1,-1,0,1,-1,0,0,1,0,1,2,0,0,0,0,-1,0,0,0,0,0,0,0,0,0,1,0,0,0,0,0],[3,3,5,-1,-3,2,0,-2,-2,-2,-3,-8,0,0,0,0,4,0,0,0,0,0,0,0,0,0,0,1,0,0,0,0],[-4,-4,-6,0,4,-2,0,2,3,2,4,10,0,0,0,0,-5,0,0,0,0,0,0,0,0,0,0,0,1,0,0,0],[1,1,1,0,-1,0,0,0,-1,0,-1,-2,0,0,0,0,1,0,0,0,0,0,0,0,0,0,0,0,0,1,0,0],[-1,-1,-1,0,1,-1,0,0,1,0,1,2,0,0,0,0,-1,0,0,0,0,0,0,0,0,0,0,0,0,0,1,0],[0,0,0,0,0,0,0,0,0,0,0,0,0,0,0,0,0,0,0,0,0,0,0,0,0,0,0,0,0,0,0,1]],"V":[[1,-1,1,0,1,0,1,0,-1,2,-3],[0,1,-1,0,-1,0,-1,0,1,-2,3],[0,0,1,-1,-1,-1,0,1,1,-2,4],[0,0,0,1,2,1,1,-1,-2,4,-7],[0,0,0,0,1,0,0,0,-1,3,-5],[0,0,0,0,0,0,1,0,0,-1,2],[0,0,0,0,0,1,0,-1,0,-1,1],[0,0,0,0,0,0,0,1,0,1,-1],[0,0,0,0,0,0,0,0,1,-4,7],[0,0,0,0,0,0,0,0,0,1,-2],[0,0,0,0,0,0,0,0,0,0,1]],"D":[[1,0,0,0,0,0,0,0,0,0,0],[0,1,0,0,0,0,0,0,0,0,0],[0,0,1,0,0,0,0,0,0,0,0],[0,0,0,1,0,0,0,0,0,0,0],[0,0,0,0,1,0,0,0,0,0,0],[0,0,0,0,0,1,0,0,0,0,0],[0,0,0,0,0,0,1,0,0,0,0],[0,0,0,0,0,0,0,1,0,0,0],[0,0,0,0,0,0,0,0,1,0,0],[0,0,0,0,0,0,0,0,0,1,0],[0,0,0,0,0,0,0,0,0,0,1],[0,0,0,0,0,0,0,0,0,0,0],[0,0,0,0,0,0,0,0,0,0,0],[0,0,0,0,0,0,0,0,0,0,0],[0,0,0,0,0,0,0,0,0,0,0],[0,0,0,0,0,0,0,0,0,0,0],[0,0,0,0,0,0,0,0,0,0,0],[0,0,0,0,0,0,0,0,0,0,0],[0,0,0,0,0,0,0,0,0,0,0],[0,0,0,0,0,0,0,0,0,0,0],[0,0,0,0,0,0,0,0,0,0,0],[0,0,0,0,0,0,0,0,0,0,0],[0,0,0,0,0,0,0,0,0,0,0],[0,0,0,0,0,0,0,0,0,0,0],[0,0,0,0,0,0,0,0,0,0,0],[0,0,0,0,0,0,0,0,0,0,0],[0,0,0,0,0,0,0,0,0,0,0],[0,0,0,0,0,0,0,0,0,0,0],[0,0,0,0,0,0,0,0,0,0,0],[0,0,0,0,0,0,0,0,0,0,0],[0,0,0,0,0,0,0,0,0,0,0],[0,0,0,0,0,0,0,0,0,0,0]],"detU":-1,"detV":-1,"rank":11},{"degree":13,"columns":[[4,4,4,1,0],[4,4,3,2,0],[4,4,3,1,1],[4,4,2,2,1],[4,3,3,3,0],[4,3,3,2,1],[4,3,2,2,2],[3,3,3,3,1],[3,3,3,2,2]],"rowLabels":[[1,[4,4,4,0,0]],[1,[4,4,3,1,0]],[1,[4,4,2,2,0]],[1,[4,4,2,1,1]],[1,[4,3,3,2,0]],[1,[4,3,3,1,1]],[1,[4,3,2,2,1]],[1,[4,2,2,2,2]],[1,[3,3,3,3,0]],[1,[3,3,3,2,1]],[1,[3,3,2,2,2]],[2,[4,4,3,0,0]],[2,[4,4,2,1,0]],[2,[4,3,3,1,0]],[2,[4,3,2,2,0]],[2,[4,3,2,1,1]],[2,[4,2,2,2,1]],[2,[3,3,3,2,0]],[2,[3,3,3,1,1]],[2,[3,3,2,2,1]],[2,[3,2,2,2,2]],[3,[4,4,2,0,0]],[3,[4,3,3,0,0]],[3,[4,3,2,1,0]],[3,[4,2,2,2,0]],[3,[4,2,2,1,1]],[3,[3,3,3,1,0]],[3,[3,3,2,2,0]],[3,[3,3,2,1,1]],[3,[3,2,2,2,1]],[3,[2,2,2,2,2]],[4,[4,3,2,0,`. Full captured output is immutable at `artifacts/computations/e578d9d5773c0e59624c57c68399a93b20fa8f6415143689c96704ac9865e420/artifact.json` in JSON fields `fullOutput.stdout.content` (SHA-256 `161504ad12db6b810047b4a96ba59be012009a90187ef28f2b941fd785be52b9`) and `fullOutput.stderr.content` (SHA-256 `e3b0c44298fc1c149afbf4c8996fb92427ae41e4649b934ca495991b7852b855`). [artifact e578d9d5773c0e59624c57c68399a93b20fa8f6415143689c96704ac9865e420]
000006	- [unsupported] This bounded computation does not by itself establish any unchecked all-parameter or parent-theorem claim.
000007	
000008	## Strategy
000009	Execute exactly one successful task-owned sandbox computation and preserve its script, digest, inputs, outputs, and exit status for independent review.
000010	
000011	## Gaps
000012	Only the explicit inputs reported by the artifact were checked; no finite computation is promoted to a universal proof.
000013	
000014	## Next
000015	Independently review the persisted computation artifact against this task's bounded acceptance criteria.
000016	
000017	INTERNAL ATTEMPT research-attempt-research-plan-task-252-1 · critic · ARTIFACT a04add7358af57179b389178d763c08462241a007d3eb3da436ca7c0151b40d2
000018	## Critique
000019	- claim-1: The witnesses for \(d=7,\ldots,20\) are machine-checkable in artifact `e578d9d5773c0e59624c57c68399a93b20fa8f6415143689c96704ac9865e420`. However, degree \(6\) is incorrect: the script sets the column count to \(0\) whenever there are no rows, so it outputs \(V_6=[]\), representing \(0\times0\), rather than \(V_6=[1]\). Consequently it checks an empty matrix identity instead of
000020	  \[
000021	  U_6M_6V_6=I_0\,0_{0\times1}[1]=0_{0\times1}=D_6.
000022	  \]
000023	  Thus the requested certificate, explicitly including the \(0\times1\) boundary matrix, is **not established**.
000024	- claim-2: The finite-computation caveat is correct. No parent or all-parameter conclusion follows.
000025	
000026	## Repair certificates
000027	- [computation] Correct the zero-row branch to retain the known column count and output exactly
000028	  \[
000029	  M_6=D_6=0_{0\times1},\qquad U_6=I_0,\qquad V_6=[1],\qquad \det(V_6)=1,
000030	  \]
000031	  while preserving the verified witnesses for \(d=7,\ldots,20\).
000032	
000033	## Required revisions
000034	- Replace the erroneous degree-\(6\) \(0\times0\) right witness by the explicit \(0\times1\) identity above.
000035	- State that only after this boundary correction is the bounded degreewise certificate established; do not infer the parent theorem.
