000001	TASK ATTEMPT: research-attempt-research-plan-task-140-1
000002	SOURCE ATTEMPTS: research-attempt-research-plan-task-138-1
000003	INTERNAL ATTEMPT research-attempt-research-plan-task-138-1 · specialist · ARTIFACT ba9304240e9ca26488cf32b20b54037277b7e951dcf915399c4fd37247959b61
000004	## Claims
000005	- [computed] For lower=[2,2,0,0,0,0,0,0], upper=[4,4,4,4,4,4,4,4], degrees=4..32 and hDegrees=[1,2,3,4], enumerate each complete bounded Pieri matrix and emit replayable integral row/column operation logs; mechanically verify U*M*V=D, det(U),det(V) in {±1}, and Smith divisibility in every degree. Task-owned sandbox artifact `84b7fcaaa8d46244b9903c6f6ccb9b4142aff8f4e8bae6473c25dcbf45b48221` executed with exit status 0. Its persisted executable script has SHA-256 `521484c9fc05a4fa111f7789b3a3ba7673d4814063967eff20cd42d54eebc210`. Captured stdout preview: `{"inputs":{"degrees":[4,5,6,7,8,9,10,11,12,13,14,15,16,17,18,19,20,21,22,23,24,25,26,27,28,29,30,31,32],"hDegrees":[1,2,3,4],"lower":[2,2,0,0,0,0,0,0],"pieriRule":"coefficient 1 iff target/source is a horizontal h-strip; 0 otherwise","upper":[4,4,4,4,4,4,4,4]},"outputSha256":"53c2e761b815ed80ec9bbf7612648eb5f8652480321025e2d1c3084416a3acde","records":[{"D":[],"M":[],"checks":{"UMVEqualsD":true,"detU":1,"detV":1,"diagonal":true,"replayEqualsTracked":true,"smithPositivityDivisibility":true,"unimodularU":true,"unimodularV":true},"degree":4,"operationLog":[],"orderedBasis":[[2,2,0,0,0,0,0,0]],"rowLabels":[],"smithDiagonal":[]},{"D":[[1,0]],"M":[[1,1]],"checks":{"UMVEqualsD":true,"detU":1,"detV":1,"diagonal":true,"replayEqualsTracked":true,"smithPositivityDivisibility":true,"unimodularU":true,"unimodularV":true},"degree":5,"operationLog":[["rs",0,0],["cs",0,0],["ca",1,0,-1]],"orderedBasis":[[3,2,0,0,0,0,0,0],[2,2,1,0,0,0,0,0]],"rowLabels":[[1,[2,2,0,0,0,0,0,0]]],"smithDiagonal":[1]},{"D":[[1,0,0,0,0],[0,1,0,0,0],[0,0,1,0,0]],"M":[[1,1,1,0,0],[0,0,1,1,1],[1,0,1,1,0]],"checks":{"UMVEqualsD":true,"detU":-1,"detV":-1,"diagonal":true,"replayEqualsTracked":true,"smithPositivityDivisibility":true,"unimodularU":true,"unimodularV":true},"degree":6,"operationLog":[["rs",0,0],["cs",0,0],["ra",2,0,-1],["ca",1,0,-1],["ca",2,0,-1],["rs",1,1],["cs",1,2],["ca",3,1,-1],["ca",4,1,-1],["rs",2,2],["cs",2,2],["ca",3,2,1],["rn",2]],"orderedBasis":[[4,2,0,0,0,0,0,0],[3,3,0,0,0,0,0,0],[3,2,1,0,0,0,0,0],[2,2,2,0,0,0,0,0],[2,2,1,1,0,0,0,0]],"rowLabels":[[1,[3,2,0,0,0,0,0,0]],[1,[2,2,1,0,0,0,0,0]],[2,[2,2,0,0,0,0,0,0]]],"smithDiagonal":[1,1,1]},{"D":[[1,0,0,0,0,0,0],[0,1,0,0,0,0,0],[0,0,1,0,0,0,0],[0,0,0,1,0,0,0],[0,0,0,0,1,0,0],[0,0,0,0,0,1,0],[0,0,0,0,0,0,0],[0,0,0,0,0,0,0]],"M":[[1,1,0,0,0,0,0],[1,0,1,0,0,0,0],[0,1,1,1,1,0,0],[0,0,0,1,0,1,0],[0,0,0,0,1,1,1],[1,1,1,1,0,0,0],[0,1,0,1,1,1,0],[0,1,0,1,0,0,0]],"checks":{"UMVEqualsD":true,"detU":-1,"detV":-1,"diagonal":true,"replayEqualsTracked":true,"smithPositivityDivisibility":true,"unimodularU":true,"unimodularV":true},"degree":7,"operationLog":[["rs",0,0],["cs",0,0],["ra",1,0,-1],["ra",5,0,-1],["ca",1,0,-1],["rs",1,1],["cs",1,1],["ra",2,1,1],["ra",6,1,1],["ra",7,1,1],["ca",2,1,1],["rn",1],["rs",2,2],["cs",2,3],["ra",3,2,-1],["ra",5,2,-1],["ra",6,2,-1],["ra",7,2,-1],["ca",3,2,-2],["ca",4,2,-1],["rs",3,3],["cs",3,4],["ra",4,3,1],["ra",5,3,-1],["ra",7,3,-1],["ca",4,3,-2],["ca",5,3,1],["rn",3],["rs",4,4],["cs",4,6],["ca",5,4,-2],["ca",6,4,2],["rs",5,5],["cs",5,5],["ra",6,5,1],["ra",7,5,-1],["ca",6,5,1],["rn",5]],"orderedBasis":[[4,3,0,0,0,0,0,0],[4,2,1,0,0,0,0,0],[3,3,1,0,0,0,0,0],[3,2,2,0,0,0,0,0],[3,2,1,1,0,0,0,0],[2,2,2,1,0,0,0,0],[2,2,1,1,1,0,0,0]],"rowLabels":[[1,[4,2,0,0,0,0,0,0]],[1,[3,3,0,0,0,0,0,0]],[1,[3,2,1,0,0,0,0,0]],[1,[2,2,2,0,0,0,0,0]],[1,[2,2,1,1,0,0,0,0]],[2,[3,2,0,0,0,0,0,0]],[2,[2,2,1,0,0,0,0,0]],[3,[2,2,0,0,0,0,0,0]]],"smithDiagonal":[1,1,1,1,1,1]},{"D":[[1,0,0,0,0,0,0,0,0,0,0],[0,1,0,0,0,0,0,0,0,0,0],[0,0,1,0,0,0,0,0,0,0,0],[0,0,0,1,0,0,0,0,0,0,0],[0,0,0,0,1,0,0,0,0,0,0],[0,0,0,0,0,1,0,0,0,0,0],[0,0,0,0,0,0,1,0,0,0,0],[0,0,0,0,0,0,0,1,0,0,0],[0,0,0,0,0,0,0,0,1,0,0],[0,0,0,0,0,0,0,0,0,1,0],[0,0,0,0,0,0,0,0,0,0,0],[0,0,0,0,0,0,0,0,0,0,0],[0,0,0,0,0,0,0,0,0,0,0],[0,0,0,0,0,0,0,0,0,0,0],[0,0,0,0,0,0,0,0,0,0,0]],"M":[[1,1,0,0,0,0,0,0,0,0,0],[0,1,1,1,0,0,0,0,0,0,0],[0,1,0,0,1,1,0,0,0,0,0],[0,0,1,0,1,0,1,0,0,0,0],[0,0,0,1,0,1,1,1,0,0,0],[0,0,0,0,0,0,1,0,1,1,0],[0,0,0,0,0,0,0,1,0,1,1],[1,1,1,0,0,0,0,0,0,0,0],[0,1,0,0,1,0,0,0,0,0,0],[0,1,1,1,1,1,1,0,0,0,0],[0,0,1,0,0,0,1,0,1,0,0],[0,0,0,1,0,0,1,1,0,1,0],[0,1,1,0,1,0,0,0,0,0,0],[0,0,1,1,0,0,1,0,0,0,0],[0,0,1,0,0,0,0,0,0,0,0]],"checks":{"UMVEqualsD":true,"detU":1,"detV":1,"diagonal":true,"replayEqualsTracked":true,"smithPositivityDivisibility":true,"unimodularU":true,"unimodularV":true},"degree":8,"operationLog":[["rs",0,0],["cs",0,0],["ra",7,0,-1],["ca",1,0,-1],["rs",1,1],["cs",1,1],["ra",2,1,-1],["ra",8,1,-1],["ra",9,1,-1],["ra",12,1,-1],["ca",2,1,-1],["ca",3,1,-1],["rs",2,2],["cs",2,2],["ra",3,2,1],["ra",7,2,1],["ra",8,2,-1],["ra",10,2,1],["ra",13,2,1],["ra",14,2,1],["ca",3,2,-1],["ca",4,2,1],["ca",5,2,1],["rn",2],["rs",3,3],["cs",3,3],["ra",4,3,1],["ra",7,3,-1],["ra",10,3,-1],["ra",11,3,1],["ra",12,3,-1],["ra",14,3,-1],["ca",4,3,2],["ca",5,3,1],["ca",6,3,1],["rn",3],["rs",4,4],["cs",4,7],["ra",6,4,-1],["ra",11,4,-1],["ca",5,4,-2],["ca",6,4,-2],["ca",7,4,-2],["rs",5,5],["cs",5,6],["ra",6,5,2],["ra",7,5,1],["ra",9,5,-1],["ra",12,5,1],["ra",13,5,-1],["ra",14,5,1],["ca",8,5,-1],["ca",9,5,-1],["rs",6,6],["cs",6,10],["ca",7,6,2],["ca",8,6,-2],["ca",9,6,-3],["ca",10,6,2],["rs",7,7],["cs",7,7],["ra",9,7,1],["ra",10,7,-1],["ra",12,7,-1],["ra",13,7,1],["ra",14,7,-1],["ca",8,7,1],["ca",9,7,1],["rn",7],["rs",8,8],["cs",8,10],["ra",9,8,1],["ra",11,8,-1],["ra",12,8,-1],["ra",13,8,1],["rn",8],["rs",9,10],["cs",9,9],["ra",11,9,1],["rn",9]],"orderedBasis":[[4,4,0,0,0,0,0,0],[4,3,1,0,0,0,0,0],[4,2,2,0,0,0,0,0],[4,2,1,1,0,0,0,0],[3,3,2,0,0,0,0,0],[3,3,1,1,0,0,0,0],[3,2,2,1,0,0,0,0],[3,2,1,1,1,0,0,0],[2,2,2,2,0,0,0,0],[2,2,2,1,1,0,0,0],[2,2,1,1,1,1,0,0]],"rowLabels":[[1,[4,3,0,0,0,0,0,0]],[1,[4,2,1,0,0,0,0,0]],[1,[3,3,1,0,0,0,0,0]],[1,[3,2,2,0,0,0,0,0]],[1,[3,2,1,1,0,0,0,0]],[1,[2,2,2,1,0,0,0,0]],[1,[2,2,1,1,1,0,0,0]],[2,[4,2,0,0,0,0,0,0]],[2,[3,3,0,0,0,0,0,0]],[2,[3,2,1,0,0,0,0,0]],[2,[2,2,2,0,0,0,0,0]],[2,[2,2,1,1,0,0,0,0]],[3,[3,2,0,0,0,0,0,0]],[3,[2,2,1,0,0,0,0,0]],[4,[2,2,0,0,0,0,0,0]]],"smithDiagonal":[1,1,1,1,1,1,1,1,1,1]},{"D":[[1,0,0,0,0,0,0,0,0,0,0,0,0,0],[0,1,0,0,0,0,0,0,0,0,0,0,0,0],[0,0,1,0,0,0,0,0,0,0,0,0,0,0],[0,0,0,1,0,0,0,0,0,0,0,0,0,0],[0,0,0,0,1,0,0,0,0,0,0,0,0,0],[0,0,0,0,0,1,0,0,0,0,0,0,0,0],[0,0,0,0,0,0,1,0,0,0,0,0,0,0],[0,0,0,0,0,0,0,1,0,0,0,0,0,0],[0,0,0,0,0,0,0,0,1,0,0,0,0,0],[0,0,0,0,0,0,0,0,0,1,0,0,0,0],[0,0,0,0,0,0,0,0,0,0,1,0,0,0],[0,0,0,0,0,0,0,0,0,0,0,1,0,0],[0,0,0,0,0,0,0,0,0,0,0,0,1,0],[0,0,0,0,0,0,0,0,0,0,0,0,0,1],[0,0,0,0,0,0,0,0,0,0,0,0,0,0],[0,0,0,0,0,0,0,0,0,0,0,0,0,0],[0,0,0,0,0,0,0,0,0,0,0,0,0,0],[0,0,0,0,0,0,0,0,0,0,0,0,0,0],[0,0,0,0,0,0,0,0,0,0,0,0,0,0],[0,0,0,0,0,0,0,0,0,0,0,0,0,0],[0,0,0,0,0,0,0,0,0,0,0,0,0,0],[0,0,0,0,0,0,0,0,0,0,0,0,0,0],[0,0,0,0,0,0,0,0,0,0,0,0,0,0],[0,0,0,0,0,0,0,0,0,0,0,0,0,0],[0,0,0,0,0,0,0,0,0,0,0,0,0,0]],"M":[[1,0,0,0,0,0,0,0,0,0,0,0,0,0],[1,1,1,0,0,0,0,0,0,0,0,0,0,0],[0,1,0,1,0,0,0,0,0,0,0,0,0,0],[0,0,1,1,1,0,0,0,0,0,0,0,0,0],[0,1,0,0,0,1,1,0,0,0,0,0,0,0],[0,0,1,0,0,0,1,1,0,0,0,0,0,0],[0,0,0,1,0,0,1,0,1,1,0,0,0,0],[0,0,0,0,1,0,0,1,0,1,1,0,0,0],[0,0,0,0,0,0,0,0,1,0,0,1,0,0],[0,0,0,0,0,0,0,0,0,1,0,1,1,0],[0,0,0,0,0,0,0,0,0,0,1,0,1,1],[1,1,0,0,0,0,0,0,0,0,0,0,0,0],[1,1,1,1,0,0,0,0,0,0,0,0,0,0],[0,1,1,0,0,1,1,0,0,0,0,0,0,0],[0,1,0,1,0,0,1,0,1,0,0,0,0,0],[0,0,1,1,1,0,1,1,0,1,0,0,0,0],[0,0,0,1,0,0,0,0,1,1,0,1,0,0],[0,0,0,0,1,0,0,0,0,1,1,0,1,0],[1,1,0,0,0,0,0,0,0,0,0,0,0,0],[0,1,0,0,0,1,0,0,0,0,0,0,0,0],[0,1,1,1,0,0,1,0,0,0,0,0,0,0],[0,0,0,1,0,0,0,0,1,0,0,0,0,0],[0,0,0,1,1,0,0,0,0,1,0,0,0,0],[0,1,0,0,0,0,0,0,0,0,0,0,0,0],[0,0,0,1,0,0,0,0,0,0,0,0,0,0]],"checks":{"UMVEqualsD":true,"detU":1,"detV":-1,"diagonal":true,"replayEqualsTracked":true,"smithPositivityDivisibility":true,"unimodularU":true,"unimodularV":true},"degree":9,"operationLog":[["rs",0,0],["cs",0,0],["ra",1,0,-1],["ra",11,0,-1],["ra",12,0,-1],["ra",18,0,-1],["rs",1,1],["cs",1,1],["ra",2,1,-1],["ra",4,1,-1],["ra",11,1,-1],["ra",12,1,-1],["ra",13,1,-1],["ra",14,1,-1],["ra",18,1,-1],["ra",19,1,-1],["ra",20,1,-1],["ra",23,1,-1],["ca",2,1,-1],["rs",2,2],["cs",2,2],["ra",3,2,1],["ra",4,2,-1],["ra",5,2,1],["ra",11,2,-1],["ra",14,2,-1],["ra",15,2,1],["ra",18,2,-1],["ra",19,2,-1],["ra",23,2,-1],["ca",3,2,1],["rn",2],["rs",3,3],["cs",3,4],["ra",7,3,-1],["ra",15,3,-1],["ra",17,3,-1],["ra",22,3,-1],["ca",4,3,-2],["rs",4,4],["cs",4,4],["ra",5,4,1],["ra",6,4,1],["ra",7,4,-2],["ra",11,4,-1],["ra",12,4,1],["ra",16,4,1],["ra",17,4,-2],["ra",18,4,-1],["ra",19,4,-1],["ra",20,4,1],["ra",21,4,1],["ra",22,4,-1],["ra",23,4,-1],["ra",24,4,1],["ca",5,4,1],["ca",6,4,1],["rn",4],["rs",5,5],["cs",5,5],["ra",6,5,-1],["ra",7,5,2],["ra",11,5,1],["ra",12,5,-1],["ra",13,5,-1],["ra",16,5,-1],["ra",17,5,2],["ra",18,5,1],["ra",20,5,-1],["ra",21,5,-1],["ra",22,5,1],["ra",23,5,1],["ra",24,5,-1],["ca",6,5,-2],["ca",7,5,-1],["rs",6,6],["cs",6,7],["ra",7,6,3],["ra",11,6,1],["ra",12,6,-1],["ra",13,6,-1],["ra",15,6,1],["ra",16,6,-1],["ra",17,6,2],["ra",18,6,1],["ra",20,6,-1],["ra",21,6,-1],["ra",22,6,1],["ra",23,6,1],["ra",24,6,-1],["ca",8,6,1],["ca",9,6,1],["rn",6],["rs",7,7],["cs",7,10],["ra",10,7,-1],["ra",17,7,-1],["ca",8,7,-3],["ca",9,7,-4],["ca",10,7,-2],["rs",8,8],["cs",8,8],["ra",10,8,3],["ra",11,8,-1],["ra",12,8,1],["ra",13,8,1],["ra",14,8,-1],["ra",15,8,-1],["ra",17,8,1],["ra",18,8,-1],["ra",20,8,1],["ra",22,8,-1],["ra",23,8,-1],["ra",24,8,1],["ca",11,8,-1],["rs",9,9],["cs",9,9],["ra",10,9,4],["ra",11,9,-1],["ra",12,9,1],["ra",13,9,1],["ra",15,9,-2],["ra",17,9,1],["ra",18,9,-1],["ra",20,9,1],["ra",21,9,1],["ra",22,9,-2],["ra",23,9,-1],["ra",24,9,1],["ca",11,9,-1],["ca",12,9,-1],["rs",10,10],["cs",10,13],["ca",11,10,-7],["ca",12,10,-5],["ca",13,10,2],["rs",11,11],["cs",11,12],["ra",12,11,1],["ra",13,11,1],["ra",15,11,-2],["ra",17,11,2],["ra",18,11,-1],["ra",20,11,1],["ra",21,11,1],["ra",22,11,-2],["ra",23,11,-1],["ra",24,11,1],["ca",12,11,-2],["ca",13,11,1],["rn",11],["rs",12,14],["cs",12,12],["ra",15,12,1],["ra",16,12,1],["ra",17,12,-2],["ra",21,12,-1],["ra",22,12,1],["ca",13,12,1],["rn",12],["rs",13,19],["cs",13,13],["ra",20,13,1],["ra",21,13,-1],["rn",13]],"orderedBasis":[[4,4,1,0,0,0,0,0],[4,3,2,0,0,0,0,0],[4,3,1,1,0,0,0,0],[4,2,2,1,0,0,0,0],[4,2,1,1,1,0,0,0],[3,3,3,0,0,0,0,0],[3,3,2,1,0,0,0,0],[3,3,1,1,1,0,0,0],[3,2,2,2,0,0,0,0],[3,2,2,1,1,0,0,0],[3,2,1,1,1,1,0,0],[2,2,2,2,1,0,0,0],[2,2,2,1,1,1,0,0],[2,2,1,1,1,1,1,0]],"rowLabels":[[1,[4,4,0,0,0,0,0,0]],[1,[4,3,1,0,0,0,0,0]],[1,[4,2,2,0,0,0,0,0]],[1,[4,2,1,1,0,0,0,0]],[1,[3,3,2,0,0,0,0,0]],[1,[3,3,1,1,0,0,0,0]],[1,[3,2,2,1,0,0,0,0]],[1,[3,2,1,1,1,0,0,0]],[1,[2,2,2,2,0,0,0,0]],[1,[2,2,2,1,1,0,0,0]],[1,[2,2,1,1,1,1,0,0]],[2,[4,3,0,0,0,0,0,0]],[2,[4,2,1,0,0,0,0,0]],[2,[3,3,1,0,0,0,0,0]],[2,[3,2,2,0,0,0,0,0]],[2,[3,2,1,1,0,0,0,0]],[2,[2,2,2,1,0,0,0,0]],[2,[2,2,1,1,1,0,0,0]],[3,[4,2,0,0,0,0,0,0]],[3,[3,3,0,0,0,0,0,0]],[3,[3,2,1,0,0,0,0,0]],[3,[2,2,2,0,0,0,0,0]],[3,[2,2,1,1,0,0,0,0]],[4,[3,2,0,0,0,0,0,0]],[4,[2,2,1,0,0,0,0,0]]],"smithDiagonal":[1,1,1,1,1,1,1,1,1,1,1,1,1,1]},{"D":[[1,0,0,0,0,0,0,0,0,0,0,0,0,0,0,0,0,0,0],[0,1,0,0,0,0,0,0,0,0,0,0,0,0,0,0,0,0,0],[0,0,1,0,0,0,0,0,0,0,0,0,0,0,0,0,0,0,0],[0,0,0,1,0,0,0,0,0,0,0,0,0,0,0,0,0,0,0],[0,0,0,0,1,0,0,0,0,0,0,0,0,0,0,0,0,0,0],[0,0,0,0,0,1,0,0,0,0,0,0,0,0,0,0,0,0,0],[0,0,0,0,0,0,1,0,0,0,0,0,0,0,0,0,0,0,0],[0,0,0,0,0,0,0,1,0,0,0,0,0,0,0,0,0,0,0],[0,0,0,0,0,0,0,0,1,0,0,0,0,0,0,0,0,0,0],[0,0,0,0,0,0,0,0,0,1,0,0,0,0,0,0,0,0,0],[0,0,0,0,0,0,0,0,0,0,1,0,0,0,0,0,0,0,0],[0,0,0,0,0,0,0,0,0,0,0,1,0,0,0,0,0,0,0],[0,0,0,0,0,0,0,0,0,0,0,0,1,0,0,0,0,0,0],[0,0,0,0,0,0,0,0,0,0,0,0,0,1,0,0,0,0,0],[0,0,0,0,0,0,0,0,0,0,0,0,0,0,1,0,0,0,0],[0,0,0,0,0,0,0,0,0,0,0,0,0,0,0,1,0,0,0],[0,0,0,0,0,0,0,0,0,0,0,0,0,0,0,0,1,0,0],[0,0,0,0,0,0,0,0,0,0,0,0,0,0,0,0,0,1,0],[0,0,0,0,0,0,0,0,0,0,0,0,0,0,0,0,0,0,1],[0,0,0,0,0,0,0,0,0,0,0,0,0,0,0,0,0,0,0],[0,0,0,0,0,0,0,0,0,0,0,0,0,0,0,0,0,0,0],[0,0,0,0,0,0,0,0,0,0,0,0,0,0,0,0,0,0,0],[0,0,0,0,0,0,0,0,0,0,0,0,0,0,0,0,0,0,0],[0,0,0,0,0,0,0,0,0,0,0,0,0,0,0,0,0,0,0],[0,0,0,0,0,0,0,0,0,0,0,0,0,0,0,0,0,0,0],[0,0,0,0,0,0,0,0,0,0,0,0,0,0,0,0,0,0,0],[0,0,0,0,0,0,0,0,0,0,0,0,0,0,0,0,0,0,0],[0,0,0,0,0,0,0,0,0,0,0,0,0,0,0,0,0,0,0],[0,0,0,0,0,0,0,0,0,0,0,0,0,0,0,0,0,0,0],[0,0,0,0,0,0,0,0,0,0,0,0,0,0,0,0,0,0,0],[0,0,0,0,0,0,0,0,0,0,0,0,0,0,0,0,0,0,0],[0,0,0,0,0,0,0,0,0,0,0,0,0,0,0,0,0,0,0],[0,0,0,0,0,0,0,0,0,0,0,0,0,0,0,0,0,0,0],[0,0,0,0,0,0,0,0,0,0,0,0,0,0,0,0,0,0,0],[0,0,0,0,0,0,0,0,0,0,0,0,0,0,0,0,0,0,0],[0,0,0,0,0,0,0,0,0,0,0,0,0,0,0,0,0,0,0],[0,0,0,0,0,0,0,0,0,0,0,0,0,0,0,0,0,0,0]],"M":[[1,1,0,0,0,0,0,0,0,0,0,0,0,0,0,0,0,0,0],[1,0,1,1,0,0,0,0,0,0,0,0,0,0,0,0,0,0,0],[0,1,0,1,1,0,0,0,0,0,0,0,0,0,0,0,0,0,0],[0,0,0,1,0,1,1,0`. Full captured output is immutable at `artifacts/computations/84b7fcaaa8d46244b9903c6f6ccb9b4142aff8f4e8bae6473c25dcbf45b48221/artifact.json` in JSON fields `fullOutput.stdout.content` (SHA-256 `038a789b7afd638598507ecd18614f69a689b32f2a326684b848eccb5f0c17b5`) and `fullOutput.stderr.content` (SHA-256 `e3b0c44298fc1c149afbf4c8996fb92427ae41e4649b934ca495991b7852b855`). [artifact 84b7fcaaa8d46244b9903c6f6ccb9b4142aff8f4e8bae6473c25dcbf45b48221]
000006	- [unsupported] This bounded computation does not by itself establish any unchecked all-parameter or parent-theorem claim.
000007	
000008	## Strategy
000009	Execute exactly one successful task-owned sandbox computation and preserve its script, digest, inputs, outputs, and exit status for independent review.
000010	
000011	## Gaps
000012	Only the explicit inputs reported by the artifact were checked; no finite computation is promoted to a universal proof.
000013	
000014	## Next
000015	Independently review the persisted computation artifact against this task's bounded acceptance criteria.
000016	
000017	INTERNAL ATTEMPT research-attempt-research-plan-task-138-1 · critic · ARTIFACT 5a113c0c62e5158fdabaca9b4f2edd05b426fbf3a8bd5d8d5b04aa43424a33a3
000018	## Critique
000019	- claim-1: The operation logs and replay checks remedy the earlier missing-witness issue for degrees with nonempty row sets. However, degree \(4\) is mishandled dimensionally. Its ordered basis has one element, so \(M_4\) is a \(0\times1\) matrix. The code represents it as `[]` and infers `n=0` whenever `m=0`; consequently it constructs \(V_4=I_0\), treats \(D_4\) as \(0\times0\), and verifies an empty \(0\times0\) identity rather than
000020	  \[
000021	  U_4M_4V_4=D_4,\qquad
000022	  U_4=I_0,\quad V_4=[1],\quad M_4=D_4=0_{0\times1}.
000023	  \]
000024	  Thus the required boundary equality and unimodularity of the correctly sized \(V_4\) are not mechanically checked. The bounded certificate for all degrees \(4,\ldots,32\) is therefore not fully established.
000025	- claim-2: The scope limitation is correct; no parent-theorem conclusion follows from this finite computation.
000026	
000027	## Repair certificates
000028	- [computation] Re-execute the same finite computation using dimension-aware matrix representations. Emit each matrix shape explicitly and, in degree \(4\), encode \(M_4,D_4\) as \(0\times1\), \(U_4\) as \(0\times0\), and \(V_4=[1]\); mechanically verify the shape-compatible identity, \(\det(V_4)=1\), and all existing checks. Preserve executable code, complete output, exit status, and stable digests in one task-owned artifact.
000029	
000030	## Required revisions
000031	- Do not infer the column count solely from `M[0]`; preserve the declared ordered-basis size when the row count is zero.
