000001	TASK ATTEMPT: research-attempt-research-plan-task-254-1
000002	SOURCE ATTEMPTS: research-attempt-research-plan-task-253-1
000003	INTERNAL ATTEMPT research-attempt-research-plan-task-253-1 · specialist · ARTIFACT 2d92b97a805d3f81a2bf081a10d5aca20c28194aa6ea019e54f9a5c7c5c4fe74
000004	## Claims
000005	- [computed] Recompute the complete Pieri matrices and explicit Smith witnesses for lower=[2,2,2,0,0], upper=[4,4,4,4,4], degrees 6..20, preserving the degree-6 one-column boundary witness V6=[1]. Task-owned sandbox artifact `b7ef4d53a15238aaaf748e3dac44bb1998e05549b82f1d820f83cc195afbc901` executed with exit status 0. Its persisted executable script has SHA-256 `49ee010d08a1c1240e1472229c0d9ab8214b1bf82c1510b2a490379aa6ba1488`. Captured stdout preview: `{"lower":[2,2,2,0,0],"upper":[4,4,4,4,4],"hDegrees":[1,2,3,4],"witnesses":[{"degree":6,"columns":[[2,2,2,0,0]],"rowLabels":[],"M":[],"U":[],"V":[[1]],"D":[],"rank":0,"detU":1,"detV":1},{"degree":7,"columns":[[3,2,2,0,0],[2,2,2,1,0]],"rowLabels":[[1,[2,2,2,0,0]]],"M":[[1,1]],"U":[[1]],"V":[[1,-1],[0,1]],"D":[[1,0]],"rank":1,"detU":1,"detV":1},{"degree":8,"columns":[[4,2,2,0,0],[3,3,2,0,0],[3,2,2,1,0],[2,2,2,2,0],[2,2,2,1,1]],"rowLabels":[[1,[3,2,2,0,0]],[1,[2,2,2,1,0]],[2,[2,2,2,0,0]]],"M":[[1,1,1,1,0],[1,0,1,1,1],[1,0,1,1,0]],"U":[[1,0,0],[1,-1,0],[0,1,-1]],"V":[[1,-1,-1,-1,-1],[0,1,1,0,0],[0,0,0,0,1],[0,0,0,1,0],[0,0,1,0,0]],"D":[[1,0,0,0,0],[0,1,0,0,0],[0,0,1,0,0]],"rank":3,"detU":1,"detV":-1},{"degree":9,"columns":[[4,3,2,0,0],[4,2,2,1,0],[3,3,3,0,0],[3,3,2,1,0],[3,2,2,2,0],[3,2,2,1,1],[2,2,2,2,1]],"rowLabels":[[1,[4,2,2,0,0]],[1,[3,3,2,0,0]],[1,[3,2,2,1,0]],[1,[2,2,2,2,0]],[1,[2,2,2,1,1]],[2,[3,2,2,0,0]],[2,[2,2,2,1,0]],[3,[2,2,2,0,0]]],"M":[[1,1,0,1,1,0,0],[1,1,1,1,1,0,0],[1,1,0,1,1,1,1],[0,1,0,0,1,1,1],[0,1,0,0,1,1,1],[1,1,0,1,1,0,0],[0,1,0,0,1,1,1],[0,1,0,0,1,0,0]],"U":[[1,0,0,0,0,0,0,0],[-1,1,0,0,0,0,0,0],[-1,0,1,0,0,0,0,0],[1,0,-1,1,0,0,0,0],[0,0,0,-1,1,0,0,0],[-1,0,0,0,0,1,0,0],[0,0,0,-1,0,0,1,0],[-1,0,1,-1,0,0,0,1]],"V":[[1,0,0,-1,-1,0,0],[0,0,0,0,0,1,0],[0,1,0,0,0,0,0],[0,0,0,0,1,0,0],[0,0,0,1,0,-1,0],[0,0,1,0,0,0,-1],[0,0,0,0,0,0,1]],"D":[[1,0,0,0,0,0,0],[0,1,0,0,0,0,0],[0,0,1,0,0,0,0],[0,0,0,1,0,0,0],[0,0,0,0,0,0,0],[0,0,0,0,0,0,0],[0,0,0,0,0,0,0],[0,0,0,0,0,0,0]],"rank":4,"detU":1,"detV":-1},{"degree":10,"columns":[[4,4,2,0,0],[4,3,3,0,0],[4,3,2,1,0],[4,2,2,2,0],[4,2,2,1,1],[3,3,3,1,0],[3,3,2,2,0],[3,3,2,1,1],[3,2,2,2,1],[2,2,2,2,2]],"rowLabels":[[1,[4,3,2,0,0]],[1,[4,2,2,1,0]],[1,[3,3,3,0,0]],[1,[3,3,2,1,0]],[1,[3,2,2,2,0]],[1,[3,2,2,1,1]],[1,[2,2,2,2,1]],[2,[4,2,2,0,0]],[2,[3,3,2,0,0]],[2,[3,2,2,1,0]],[2,[2,2,2,2,0]],[2,[2,2,2,1,1]],[3,[3,2,2,0,0]],[3,[2,2,2,1,0]],[4,[2,2,2,0,0]]],"M":[[1,1,1,1,0,1,1,0,0,0],[1,0,1,1,1,0,1,1,1,0],[0,1,1,1,0,1,1,0,0,0],[0,1,1,1,1,1,1,1,1,0],[0,0,1,1,1,0,1,1,1,1],[0,0,1,1,1,0,1,1,1,0],[0,0,0,1,1,0,0,0,1,1],[1,0,1,1,0,0,1,0,0,0],[0,1,1,1,0,1,1,0,0,0],[0,0,1,1,1,0,1,1,1,0],[0,0,0,1,1,0,0,0,1,1],[0,0,0,1,1,0,0,0,1,0],[0,0,1,1,0,0,1,0,0,0],[0,0,0,1,1,0,0,0,1,0],[0,0,0,1,0,0,0,0,0,0]],"U":[[1,0,0,0,0,0,0,0,0,0,0,0,0,0,0],[1,-1,0,0,0,0,0,0,0,0,0,0,0,0,0],[-1,1,1,0,0,0,0,0,0,0,0,0,0,0,0],[0,0,-1,1,0,0,0,0,0,0,0,0,0,0,0],[1,-1,-1,0,1,0,0,0,0,0,0,0,0,0,0],[1,-1,-2,1,1,0,-1,0,0,0,0,0,0,0,0],[0,0,0,0,0,0,0,0,0,0,0,0,0,0,1],[0,-1,-1,1,0,0,0,1,0,0,0,0,0,0,0],[0,0,-1,0,0,0,0,0,1,0,0,0,0,0,0],[1,-1,-1,0,0,0,0,0,0,1,0,0,0,0,0],[0,0,0,0,0,0,-1,0,0,0,1,0,0,0,0],[1,-1,-1,0,1,0,-1,0,0,0,0,1,0,0,0],[1,-1,-2,1,0,0,0,0,0,0,0,0,1,0,0],[1,-1,-1,0,1,0,-1,0,0,0,0,0,0,1,0],[1,-1,-1,0,0,1,0,0,0,0,0,0,0,0,0]],"V":[[1,-1,-1,0,0,0,0,0,0,0],[0,1,0,1,0,0,0,-1,0,0],[0,0,1,-1,0,0,-1,0,0,-1],[0,0,0,0,0,0,1,0,0,0],[0,0,0,1,0,-1,-1,0,-1,0],[0,0,0,0,0,0,0,1,0,0],[0,0,0,0,0,0,0,0,0,1],[0,0,0,0,0,1,1,0,0,0],[0,0,0,0,0,0,0,0,1,0],[0,0,0,0,1,0,0,0,0,0]],"D":[[1,0,0,0,0,0,0,0,0,0],[0,1,0,0,0,0,0,0,0,0],[0,0,1,0,0,0,0,0,0,0],[0,0,0,1,0,0,0,0,0,0],[0,0,0,0,1,0,0,0,0,0],[0,0,0,0,0,1,0,0,0,0],[0,0,0,0,0,0,1,0,0,0],[0,0,0,0,0,0,0,0,0,0],[0,0,0,0,0,0,0,0,0,0],[0,0,0,0,0,0,0,0,0,0],[0,0,0,0,0,0,0,0,0,0],[0,0,0,0,0,0,0,0,0,0],[0,0,0,0,0,0,0,0,0,0],[0,0,0,0,0,0,0,0,0,0],[0,0,0,0,0,0,0,0,0,0]],"rank":7,"detU":1,"detV":1},{"degree":11,"columns":[[4,4,3,0,0],[4,4,2,1,0],[4,3,3,1,0],[4,3,2,2,0],[4,3,2,1,1],[4,2,2,2,1],[3,3,3,2,0],[3,3,3,1,1],[3,3,2,2,1],[3,2,2,2,2]],"rowLabels":[[1,[4,4,2,0,0]],[1,[4,3,3,0,0]],[1,[4,3,2,1,0]],[1,[4,2,2,2,0]],[1,[4,2,2,1,1]],[1,[3,3,3,1,0]],[1,[3,3,2,2,0]],[1,[3,3,2,1,1]],[1,[3,2,2,2,1]],[1,[2,2,2,2,2]],[2,[4,3,2,0,0]],[2,[4,2,2,1,0]],[2,[3,3,3,0,0]],[2,[3,3,2,1,0]],[2,[3,2,2,2,0]],[2,[3,2,2,1,1]],[2,[2,2,2,2,1]],[3,[4,2,2,0,0]],[3,[3,3,2,0,0]],[3,[3,2,2,1,0]],[3,[2,2,2,2,0]],[3,[2,2,2,1,1]],[4,[3,2,2,0,0]],[4,[2,2,2,1,0]]],"M":[[1,1,1,1,0,0,1,0,0,0],[1,1,1,1,0,0,1,0,0,0],[1,1,1,1,1,1,1,1,1,0],[0,1,0,1,1,1,0,0,1,1],[0,1,0,1,1,1,0,0,1,0],[0,0,1,1,1,1,1,1,1,0],[0,0,1,1,1,1,1,1,1,1],[0,0,1,1,1,1,1,1,1,0],[0,0,0,1,1,1,0,0,1,1],[0,0,0,0,0,1,0,0,0,1],[1,1,1,1,0,0,1,0,0,0],[0,1,0,1,1,1,0,0,1,0],[0,0,1,1,0,0,1,0,0,0],[0,0,1,1,1,1,1,1,1,0],[0,0,0,1,1,1,0,0,1,1],[0,0,0,1,1,1,0,0,1,0],[0,0,0,0,0,1,0,0,0,1],[0,1,0,1,0,0,0,0,0,0],[0,0,1,1,0,0,1,0,0,0],[0,0,0,1,1,1,0,0,1,0],[0,0,0,0,0,1,0,0,0,1],[0,0,0,0,0,1,0,0,0,0],[0,0,0,1,0,0,0,0,0,0],[0,0,0,0,0,1,0,0,0,0]],"U":[[1,0,0,0,0,0,0,0,0,0,0,0,0,0,0,0,0,0,0,0,0,0,0,0],[-1,0,1,0,0,0,0,0,0,0,0,0,0,0,0,0,0,0,0,0,0,0,0,0],[1,0,-1,1,0,0,0,0,0,0,0,0,0,0,0,0,0,0,0,0,0,0,0,0],[0,0,0,1,-1,0,0,0,0,0,0,0,0,0,0,0,0,0,0,0,0,0,0,0],[0,0,0,0,1,-1,0,0,0,0,0,0,0,0,0,0,0,0,0,0,0,0,0,0],[0,0,0,1,-1,1,0,0,-1,0,0,0,0,0,0,0,0,0,0,0,0,0,0,0],[0,0,0,-1,1,0,0,0,0,1,0,0,0,0,0,0,0,0,0,0,0,0,0,0],[-1,0,1,0,-1,0,0,0,0,0,0,0,0,0,0,0,0,1,0,0,0,0,0,0],[-1,1,0,0,0,0,0,0,0,0,0,0,0,0,0,0,0,0,0,0,0,0,0,0],[0,0,0,-1,1,-1,1,0,0,0,0,0,0,0,0,0,0,0,0,0,0,0,0,0],[-1,0,0,0,0,0,0,0,0,0,1,0,0,0,0,0,0,0,0,0,0,0,0,0],[0,0,0,0,-1,0,0,0,0,0,0,1,0,0,0,0,0,0,0,0,0,0,0,0],[-1,0,1,0,0,-1,0,0,0,0,0,0,1,0,0,0,0,0,0,0,0,0,0,0],[0,0,0,0,0,-1,0,0,0,0,0,0,0,1,0,0,0,0,0,0,0,0,0,0],[0,0,0,0,0,0,0,0,-1,0,0,0,0,0,1,0,0,0,0,0,0,0,0,0],[0,0,0,1,-1,0,0,0,-1,0,0,0,0,0,0,1,0,0,0,0,0,0,0,0],[0,0,0,0,0,0,0,0,0,-1,0,0,0,0,0,0,1,0,0,0,0,0,0,0],[0,0,0,0,0,-1,0,1,0,0,0,0,0,0,0,0,0,0,0,0,0,0,0,0],[-1,0,1,0,0,-1,0,0,0,0,0,0,0,0,0,0,0,0,1,0,0,0,0,0],[0,0,0,1,-1,0,0,0,-1,0,0,0,0,0,0,0,0,0,0,1,0,0,0,0],[0,0,0,0,0,0,0,0,0,-1,0,0,0,0,0,0,0,0,0,0,1,0,0,0],[0,0,0,1,-1,0,0,0,0,-1,0,0,0,0,0,0,0,0,0,0,0,1,0,0],[0,0,0,1,0,0,0,0,-1,0,0,0,0,0,0,0,0,-1,0,0,0,0,1,0],[0,0,0,1,-1,0,0,0,0,-1,0,0,0,0,0,0,0,0,0,0,0,0,0,1]],"V":[[1,0,-1,1,0,-1,0,0,0,0],[0,0,0,0,1,1,0,0,0,0],[0,0,0,0,0,0,0,0,0,1],[0,0,1,-1,-1,-1,0,1,0,0],[0,1,0,0,0,0,-1,-1,-1,0],[0,0,0,0,0,0,1,0,0,0],[0,0,0,0,0,1,0,-1,0,-1],[0,0,0,0,0,0,0,1,0,0],[0,0,0,0,0,0,0,0,1,0],[0,0,0,1,0,0,0,0,0,0]],"D":[[1,0,0,0,0,0,0,0,0,0],[0,1,0,0,0,0,0,0,0,0],[0,0,1,0,0,0,0,0,0,0],[0,0,0,1,0,0,0,0,0,0],[0,0,0,0,1,0,0,0,0,0],[0,0,0,0,0,1,0,0,0,0],[0,0,0,0,0,0,1,0,0,0],[0,0,0,0,0,0,0,1,0,0],[0,0,0,0,0,0,0,0,0,0],[0,0,0,0,0,0,0,0,0,0],[0,0,0,0,0,0,0,0,0,0],[0,0,0,0,0,0,0,0,0,0],[0,0,0,0,0,0,0,0,0,0],[0,0,0,0,0,0,0,0,0,0],[0,0,0,0,0,0,0,0,0,0],[0,0,0,0,0,0,0,0,0,0],[0,0,0,0,0,0,0,0,0,0],[0,0,0,0,0,0,0,0,0,0],[0,0,0,0,0,0,0,0,0,0],[0,0,0,0,0,0,0,0,0,0],[0,0,0,0,0,0,0,0,0,0],[0,0,0,0,0,0,0,0,0,0],[0,0,0,0,0,0,0,0,0,0],[0,0,0,0,0,0,0,0,0,0]],"rank":8,"detU":1,"detV":1},{"degree":12,"columns":[[4,4,4,0,0],[4,4,3,1,0],[4,4,2,2,0],[4,4,2,1,1],[4,3,3,2,0],[4,3,3,1,1],[4,3,2,2,1],[4,2,2,2,2],[3,3,3,3,0],[3,3,3,2,1],[3,3,2,2,2]],"rowLabels":[[1,[4,4,3,0,0]],[1,[4,4,2,1,0]],[1,[4,3,3,1,0]],[1,[4,3,2,2,0]],[1,[4,3,2,1,1]],[1,[4,2,2,2,1]],[1,[3,3,3,2,0]],[1,[3,3,3,1,1]],[1,[3,3,2,2,1]],[1,[3,2,2,2,2]],[2,[4,4,2,0,0]],[2,[4,3,3,0,0]],[2,[4,3,2,1,0]],[2,[4,2,2,2,0]],[2,[4,2,2,1,1]],[2,[3,3,3,1,0]],[2,[3,3,2,2,0]],[2,[3,3,2,1,1]],[2,[3,2,2,2,1]],[2,[2,2,2,2,2]],[3,[4,3,2,0,0]],[3,[4,2,2,1,0]],[3,[3,3,3,0,0]],[3,[3,3,2,1,0]],[3,[3,2,2,2,0]],[3,[3,2,2,1,1]],[3,[2,2,2,2,1]],[4,[4,2,2,0,0]],[4,[3,3,2,0,0]],[4,[3,2,2,1,0]],[4,[2,2,2,2,0]]],"M":[[1,1,1,0,1,0,0,0,1,0,0],[1,1,1,1,1,1,1,0,0,1,0],[0,1,1,1,1,1,1,0,1,1,0],[0,1,1,1,1,1,1,1,0,1,1],[0,1,1,1,1,1,1,0,0,1,0],[0,0,1,1,0,0,1,1,0,0,1],[0,0,0,0,1,1,1,1,1,1,1],[0,0,0,0,1,1,1,0,1,1,0],[0,0,0,0,1,1,1,1,0,1,1],[0,0,0,0,0,0,1,1,0,0,1],[1,1,1,0,1,0,0,0,0,0,0],[0,1,1,0,1,0,0,0,1,0,0],[0,1,1,1,1,1,1,0,0,1,0],[0,0,1,1,0,0,1,1,0,0,1],[0,0,1,1,0,0,1,0,0,0,0],[0,0,0,0,1,1,1,0,1,1,0],[0,0,0,0,1,1,1,1,0,1,1],[0,0,0,0,1,1,1,0,0,1,0],[0,0,0,0,0,0,1,1,0,0,1],[0,0,0,0,0,0,0,1,0,0,0],[0,1,1,0,1,0,0,0,0,0,0],[0,0,1,1,0,0,1,0,0,0,0],[0,0,0,0,1,0,0,0,1,0,0],[0,0,0,0,1,1,1,0,0,1,0],[0,0,0,0,0,0,1,1,0,0,1],[0,0,0,0,0,0,1,0,0,0,0],[0,0,0,0,0,0,0,1,0,0,0],[0,0,1,0,0,0,0,0,0,0,0],[0,0,0,0,1,0,0,0,0,0,0],[0,0,0,0,0,0,1,0,0,0,0],[0,0,0,0,0,0,0,1,0,0,0]],"U":[[1,0,0,0,0,0,0,0,0,0,0,0,0,0,0,0,0,0,0,0,0,0,0,0,0,0,0,0,0,0,0],[-1,1,0,0,0,0,0,0,0,0,0,0,0,0,0,0,0,0,0,0,0,0,0,0,0,0,0,0,0,0,0],[1,-1,1,0,0,0,0,0,0,0,0,0,0,0,0,0,0,0,0,0,0,0,0,0,0,0,0,0,0,0,0],[0,0,-1,1,0,0,0,0,0,0,0,0,0,0,0,0,0,0,0,0,0,0,0,0,0,0,0,0,0,0,0],[0,0,1,0,-1,0,0,0,0,0,0,0,0,0,0,0,0,0,0,0,0,0,0,0,0,0,0,0,0,0,0],[0,0,0,1,0,-1,0,0,0,0,0,0,0,0,0,0,0,0,0,0,0,0,0,0,0,0,0,0,0,0,0],[0,0,-1,-2,2,1,1,0,0,0,0,0,0,0,0,0,0,0,0,0,0,0,0,0,0,0,0,0,0,0,0],[0,0,1,1,-1,-1,-1,0,0,1,0,0,0,0,0,0,0,0,0,0,0,0,0,0,0,0,0,0,0,0,0],[0,0,0,1,-1,0,0,0,0,0,0,0,0,0,0,0,0,0,0,-1,0,0,0,0,0,0,0,0,0,0,0],[0,0,-1,0,1,0,0,0,0,0,0,0,0,0,0,0,0,0,0,0,0,0,1,0,0,0,0,0,0,0,0],[-1,0,1,0,-1,0,0,0,0,0,1,0,0,0,0,0,0,0,0,0,0,0,0,0,0,0,0,0,0,0,0],[-1,1,0,0,-1,0,0,0,0,0,0,1,0,0,0,0,0,0,0,0,0,0,0,0,0,0,0,0,0,0,0],[0,0,0,0,-1,0,0,0,0,0,0,0,1,0,0,0,0,0,0,0,0,0,0,0,0,0,0,0,0,0,0],[0,0,0,0,0,-1,0,0,0,0,0,0,0,1,0,0,0,0,0,0,0,0,0,0,0,0,0,0,0,0,0],[0,0,0,1,-1,-1,0,0,0,0,0,0,0,0,1,0,0,0,0,0,0,0,0,0,0,0,0,0,0,0,0],[0,0,0,1,-1,0,-1,0,0,0,0,0,0,0,0,1,0,0,0,0,0,0,0,0,0,0,0,0,0,0,0],[0,0,1,0,-1,0,-1,0,0,0,0,0,0,0,0,0,1,0,0,0,0,0,0,0,0,0,0,0,0,0,0],[0,0,1,1,-2,0,-1,0,0,0,0,0,0,0,0,0,0,1,0,0,0,0,0,0,0,0,0,0,0,0,0],[0,0,0,0,0,0,0,0,0,-1,0,0,0,0,0,0,0,0,1,0,0,0,0,0,0,0,0,0,0,0,0],[0,0,1,0,-1,0,-1,0,1,0,0,0,0,0,0,0,0,0,0,0,0,0,0,0,0,0,0,0,0,0,0],[-1,1,1,0,-2,0,0,0,0,0,0,0,0,0,0,0,0,0,0,0,1,0,0,0,0,0,0,0,0,0,0],[0,0,0,1,-1,-1,0,0,0,0,0,0,0,0,0,0,0,0,0,0,0,1,0,0,0,0,0,0,0,0,0],[0,0,0,1,-1,0,-1,1,0,0,0,0,0,0,0,0,0,0,0,0,0,0,0,0,0,0,0,0,0,0,0],[0,0,1,1,-2,0,-1,0,0,0,0,0,0,0,0,0,0,0,0,0,0,0,0,1,0,0,0,0,0,0,0],[0,0,0,0,0,0,0,0,0,-1,0,0,0,0,0,0,0,0,0,0,0,0,0,0,1,0,0,0,0,0,0],[0,0,0,1,-1,0,0,0,0,-1,0,0,0,0,0,0,0,0,0,0,0,0,0,0,0,1,0,0,0,0,0],[0,0,0,0,0,0,0,0,0,0,0,0,0,0,0,0,0,0,0,-1,0,0,0,0,0,0,1,0,0,0,0],[-1,1,1,1,-2,-1,-1,0,0,1,0,0,0,0,0,0,0,0,0,0,0,0,1,0,0,0,0,1,0,0,0],[0,0,1,0,-1,0,0,0,0,0,0,0,0,0,0,0,0,0,0,0,0,0,-1,0,0,0,0,0,1,0,0],[0,0,0,1,-1,0,0,0,0,-1,0,0,0,0,0,0,0,0,0,0,0,0,0,0,0,0,0,0,0,1,0],[0,0,0,0,0,0,0,0,0,0,0,0,0,0,0,0,0,0,0,-1,0,0,0,0,0,0,0,0,0,0,1]],"V":[[1,0,-1,0,1,0,0,0,0,0,0],[0,0,0,0,0,0,0,1,0,0,0],[0,0,1,0,-2,0,0,-1,0,-1,0],[0,1,0,0,1,-1,-1,0,0,1,0],[0,0,0,0,0,0,0,0,0,1,0],[0,0,0,0,0,1,0,-1,0,-1,-1],[0,0,0,0,0,0,1,1,0,0,0],[0,0,0,1,1,0,0,0,-1,0,0],[0,0,0,0,1,0,0,0,0,0,0],[0,0,0,0,0,0,0,0,0,0,1],[0,0,0,0,0,0,0,0,1,0,0]],"D":[[1,0,0,0,0,0,0,0,0,0,0],[0,1,0,0,0,0,0,0,0,0,0],[0,0,1,0,0,0,0,0,0,0,0],[0,0,0,1,0,0,0,0,0,0,0],[0,0,0,0,1,0,0,0,0,0,0],[0,0,0,0,0,1,0,0,0,0,0],[0,0,0,0,0,0,1,0,0,0,0],[0,0,0,0,0,0,0,1,0,0,0],[0,0,0,0,0,0,0,0,1,0,0],[0,0,0,0,0,0,0,0,0,1,0],[0,0,0,0,0,0,0,0,0,0,0],[0,0,0,0,0,0,0,0,0,0,0],[0,0,0,0,0,0,0,0,0,0,0],[0,0,0,0,0,0,0,0,0,0,0],[0,0,0,0,0,0,0,0,0,0,0],[0,0,0,0,0,0,0,0,0,0,0],[0,0,0,0,0,0,0,0,0,0,0],[0,0,0,0,0,0,0,0,0,0,0],[0,0,0,0,0,0,0,0,0,0,0],[0,0,0,0,0,0,0,0,0,0,0],[0,0,0,0,0,0,0,0,0,0,0],[0,0,0,0,0,0,0,0,0,0,0],[0,0,0,0,0,0,0,0,0,0,0],[0,0,0,0,0,0,0,0,0,0,0],[0,0,0,0,0,0,0,0,0,0,0],[0,0,0,0,0,0,0,0,0,0,0],[0,0,0,0,0,0,0,0,0,0,0],[0,0,0,0,0,0,0,0,0,0,0],[0,0,0,0,0,0,0,0,0,0,0],[0,0,0,0,0,0,0,0,0,0,0],[0,0,0,0,0,0,0,0,0,0,0]],"rank":10,"detU":1,"detV":-1},{"degree":13,"columns":[[4,4,4,1,0],[4,4,3,2,0],[4,4,3,1,1],[4,4,2,2,1],[4,3,3,3,0],[4,3,3,2,1],[4,3,2,2,2],[3,3,3,3,1],[3,3,3,2,2]],"rowLabels":[[1,[4,4,4,0,0]],[1,[4,4,3,1,0]],[1,[4,4,2,2,0]],[1,[4,4,2,1,1]],[1,[4,3,3,2,0]],[1,[4,3,3,1,1]],[1,[4,3,2,2,1]],[1,[4,2,2,2,2]],[1,[3,3,3,3,0]],[1,[3,3,3,2,1]],[1,[3,3,2,2,2]],[2,[4,4,3,0,0]],[2,[4,4,2,1,0]],[2,[4,3,3,1,0]],[2,[4,3,2,2,0]],[2,[4,3,2,1,1]],[2,[4,2,2,2,1]],[2,[3,3,3,2,0]],[2,[3,3,3,1,1]],[2,[3,3,2,2,1]],[2,[3,2,2,2,2]],[3,[4,4,2,0,0]],[3,[4,3,3,0,0]],[3,[4,3,2,1,0]],[3,[4,2,2,2,0]],[3,[4,2,2,1,1]],[3,[3,3,3,1,0]],[3,[3,3,2,2,0]],[3,[3,3,2,1,1]],[3,[3,2,2,2,1]],[4,[4,3,2,0,0]],[4,[4,2,2,1,0]],[4,[3,3,3,0,0]],[4,[3,3,2,1,0]],[4,[3,2,2,2,0]]],"M":[[1,1,0,0,1,0,0,0,0],[1,1,1,1,1,1,0,1,0],[1,1,1,1,0,1,1,0,1],[1,1,1,1,0,1,0,0,0],[0,1,1,1,1,1,1,1,1],[0,1,1,1,1,1,0,1,0],[0,1,1,1,0,1,1,0,1],[0,0,0,1,0,0,1,0,0],[0,0,0,0,1,1,1,1,1],[0,0,0,0,1,1,1,1,1],[0,0,0,0,0,1,1,0,1],[1,1,0,0,1,0,0,0,0],[1,1,1,1,0,1,0,0,0],[0,1,1,1,1,1,0,1,0],`. Full captured output is immutable at `artifacts/computations/b7ef4d53a15238aaaf748e3dac44bb1998e05549b82f1d820f83cc195afbc901/artifact.json` in JSON fields `fullOutput.stdout.content` (SHA-256 `05c2b4965859b61125b5c2bc3706e1c2adfabf574b24a0290eceddd4556b18ae`) and `fullOutput.stderr.content` (SHA-256 `e3b0c44298fc1c149afbf4c8996fb92427ae41e4649b934ca495991b7852b855`). [artifact b7ef4d53a15238aaaf748e3dac44bb1998e05549b82f1d820f83cc195afbc901]
000006	- [unsupported] This bounded computation does not by itself establish any unchecked all-parameter or parent-theorem claim.
000007	
000008	## Strategy
000009	Execute exactly one successful task-owned sandbox computation and preserve its script, digest, inputs, outputs, and exit status for independent review.
000010	
000011	## Gaps
000012	Only the explicit inputs reported by the artifact were checked; no finite computation is promoted to a universal proof.
000013	
000014	## Next
000015	Independently review the persisted computation artifact against this task's bounded acceptance criteria.
000016	
000017	INTERNAL ATTEMPT research-attempt-research-plan-task-253-1 · critic · ARTIFACT c2ad40c54d0260d6facc9c819baa259fea032ed5719afc53424240ad298133aa
000018	## Critique
000019	- claim-1: The degree-\(6\) boundary is repaired correctly:
000020	  \[
000021	  M_6=D_6=0_{0\times1},\quad U_6=I_0,\quad V_6=[1],\quad \det U_6=\det V_6=1.
000022	  \]
000023	  However, artifact `b7ef4d53a15238aaaf748e3dac44bb1998e05549b82f1d820f83cc195afbc901` does not compute the requested Pieri matrices. Its `hstrip(lam,mu)` omits the necessary containment test \(\lambda\subseteq\mu\). For example, in degree \(8\), it incorrectly includes
000024	  \[
000025	  \lambda=(3,2,2,0,0),\qquad \mu=(2,2,2,2,0)
000026	  \]
000027	  in an \(h_1\)-row even though \(\lambda\nsubseteq\mu\). Consequently the first row is incorrectly reported as
000028	  \[
000029	  (1,1,1,1,0)
000030	  \]
000031	  instead of
000032	  \[
000033	  (1,1,1,0,0).
000034	  \]
000035	  Thus the identities \(U_dM_dV_d=D_d\) are checked only for incorrectly generated matrices. The requested degreewise certificate for the same inputs is **not established**.
000036	- claim-2: The finite-computation caveat is correct; no parent or all-parameter conclusion follows.
000037	
000038	## Repair certificates
000039	- [computation] Recompute degrees \(6,\ldots,20\) with the horizontal-strip predicate requiring both
000040	  \[
000041	  \lambda_i\le\mu_i\quad(1\le i\le5)
000042	  \]
000043	  and
000044	  \[
000045	  0\le \mu'_c-\lambda'_c\le1\quad(1\le c\le4).
000046	  \]
000047	  Output every corrected \(M_d,U_d,V_d,D_d\), verify exactly \(U_dM_dV_d=D_d\), verify \(\det U_d,\det V_d\in\{\pm1\}\), and retain
000048	  \[
000049	  M_6=D_6=0_{0\times1},\quad U_6=I_0,\quad V_6=[1].
000050	  \]
000051	
000052	## Required revisions
000053	- Correct the Pieri predicate by adding containment.
000054	- Replace all affected matrices and Smith witnesses in degrees \(7,\ldots,20\).
000055	- State that only the bounded degreewise certificate is addressed; do not infer the parent theorem.
